Topic: 0
burger : 0.021799933
smoothie : 0.019213505
juices : 0.013129226
great : 0.011590406
toast : 0.008422016
coffee : 0.007926534
service : 0.0069827046
pickle : 0.006810194
awesome : 0.0065663825
good : 0.0064419713
hash : 0.005960965
eggs : 0.0058423537
french : 0.005769178
mustard : 0.0056135845
place : 0.0051541566
Topic: 1
burgers : 0.023172261
pizza : 0.022743624
organic : 0.013593802
burger : 0.009518109
apple : 0.0093067875
nan : 0.007091129
snow : 0.006628808
cookies : 0.0055022584
chick : 0.004645589
juices : 0.004595285
cauliflower : 0.004450936
philly : 0.0043797423
changing : 0.0041798395
vanilla : 0.004029562
finger : 0.0036979036
Topic: 2
wasabi : 0.019490806
shake : 0.009636506
smoothie : 0.009074184
cake : 0.008411796
shaved : 0.0064024054
yogurt : 0.0058446834
donut : 0.00526246
hearty : 0.004466494
ill : 0.0043929457
chill : 0.004155393
golden : 0.0040558963
squeezed : 0.0039529596
weather : 0.0039249454
cookie : 0.003864763
fruits : 0.0038147557
Topic: 3
strips : 0.024073292
gluten : 0.015478919
skinny : 0.005238802
calories : 0.005086554
pudding : 0.004717547
wraps : 0.0046629477
loving : 0.0042018285
diner : 0.004110796
world : 0.004012268
health : 0.0038692877
carrot : 0.0037834598
texas : 0.0037405773
mention : 0.0037198628
consistent : 0.0036972214
mac : 0.0036844718
Topic: 4
health : 0.010482805
slaw : 0.0078998795
ribs : 0.00550837
cole : 0.0052483706
nut : 0.004519606
catch : 0.004265526
tri : 0.004248872
bet : 0.0040711584
pizza : 0.0037614962
spanish : 0.0037481764
runny : 0.0037386413
uncomfortable : 0.003675155
pricy : 0.0034469431
balls : 0.0034238184
gross : 0.0033409244
Topic: 5
oven : 0.013262099
waitstaff : 0.008144643
tips : 0.00724893
blast : 0.0070603197
dinning : 0.0065882616
lighter : 0.0064995764
worthy : 0.0055261687
season : 0.004779563
advance : 0.0045906845
refilled : 0.0044512306
planet : 0.0044446304
path : 0.004358185
pit : 0.00431776
smothered : 0.004268049
wedding : 0.0039464254
Topic: 6
donuts : 0.021745244
alternative : 0.013719027
pressed : 0.0112900585
bloody : 0.006384427
pitcher : 0.0063382457
select : 0.006061135
guilty : 0.0053400155
guest : 0.0050318036
draft : 0.0048701228
complex : 0.0047187083
seed : 0.0045875353
extraordinary : 0.0044825445
program : 0.0044557014
wonderfully : 0.004176984
resort : 0.003943312
Topic: 7
good : 0.007627044
place : 0.007146983
great : 0.007066425
chicken : 0.0060688015
like : 0.0050477795
indian : 0.0049728504
really : 0.004772744
service : 0.0047721653
just : 0.0046776026
time : 0.004450522
try : 0.004088228
menu : 0.0039721746
love : 0.003932698
delicious : 0.0037408387
lunch : 0.0037317895
Topic: 8
shakes : 0.013163917
dairy : 0.010451893
barbeque : 0.008595461
wanna : 0.006927155
currently : 0.0058840155
funky : 0.0058261496
pumpkin : 0.0056260605
child : 0.0055994187
private : 0.0050442503
creating : 0.0049993685
custom : 0.004802992
courses : 0.004683757
executed : 0.0045596086
8pm : 0.00441175
industrial : 0.0042944285
Topic: 9
brunch : 0.024258325
burger : 0.020932809
lemonade : 0.008815845
patty : 0.0075775282
shoulder : 0.0062316516
mussels : 0.006170061
min : 0.005611592
deliver : 0.005074258
conscious : 0.005031343
chip : 0.004992099
mins : 0.0047718557
calorie : 0.0046071406
45 : 0.004606337
fave : 0.0039510247
diet : 0.003775655